#$SPEC_ID:
#No sample description was entered.
#$SPEC_REM:
#DET# 1
#DETDESC# MYON MCB 337
#AP# Maestro Version 6.06
#$DATE_MEA:
#06/20/2016 13:23:50
#$MEAS_TIM:
#246420 246421
#$DATA:
#0 511
       0
       0
      94
     650
     617
     651
     643
     629
     651
     592
     562
     600
     619
    2132
    1708
     932
     672
     549
     506
     503
     506
     472
     482
     464
     468
     467
     359
     413
     396
     401
     384
     403
     365
     345
     349
     340
     350
     327
     327
     336
     313
     302
     293
     273
     284
     317
     271
     293
     271
     263
     238
     235
     232
     203
     251
     217
     229
     236
     217
     201
     223
     200
     213
     199
     192
     162
     180
     166
     182
     182
     176
     157
     148
     148
     161
     145
     150
     139
     145
     115
     126
     131
     132
     133
     117
     105
     113
     103
     103
     113
      96
     107
     101
      95
     116
      99
      93
      90
      89
     111
      82
      87
      75
      98
      72
      99
      84
      83
      69
      68
      74
      82
      69
      79
      89
      69
      52
      59
      60
      55
      55
      61
      58
      56
      60
      66
      52
      52
      46
      61
      57
      52
      45
      47
      38
      49
      41
      35
      38
      34
      45
      58
      43
      43
      44
      44
      34
      35
      32
      38
      42
      37
      38
      39
      29
      27
      36
      39
      42
      19
      24
      29
      31
      27
      32
      25
      22
      27
      17
      28
      21
      25
      27
      28
      22
      23
      20
      19
      23
      20
      17
      16
      16
      31
      18
      26
      17
      20
      18
      18
      17
      20
      15
      17
      19
      23
      16
      12
      15
      14
      27
      14
      20
       9
      19
      14
      17
       8
      19
      12
      13
      15
      15
      19
      11
       9
      13
       9
      16
      22
      11
      11
      10
      12
       7
       8
      10
       9
      11
      11
       9
      12
      11
      12
      10
       3
       5
       7
      12
       7
      13
       9
       7
       6
      10
       6
      10
      12
      10
       6
       8
      12
       6
       9
       5
       8
       8
      14
       8
       9
       7
       7
       6
       7
       7
       5
      14
       7
       6
       6
       8
       8
       9
       7
       9
       6
       9
       9
       5
       3
       2
       0
       0
       0
       0
       0
       0
       0
       0
       0
       0
       0
       0
       0
       0
       0
       0
       0
       0
       0
       0
       0
       0
       0
       0
       0
       0
       1
       0
       0
       0
       0
       1
       0
       0
       0
       0
       1
       0
       0
       0
       0
       0
       0
       0
       0
       0
       0
       0
       0
       0
       0
       1
       0
       0
       0
       0
       0
       0
       0
       0
       0
       0
       0
       0
       0
       0
       0
       0
       0
       0
       0
       0
       0
       0
       0
       0
       0
       0
       0
       0
       0
       0
       0
       0
       0
       0
       0
       0
       0
       0
       0
       0
       0
       0
       0
       0
       0
       0
       1
       0
       0
       0
       0
       0
       0
       0
       0
       0
       0
       0
       0
       0
       0
       0
       0
       0
       0
       0
       0
       0
       0
       0
       0
       0
       0
       0
       0
       0
       0
       0
       0
       0
       1
       0
       0
       0
       0
       0
       1
       0
       0
       0
       0
       0
       0
       0
       0
       0
       0
       0
       0
       0
       0
       0
       0
       0
       0
       0
       0
       0
       0
       0
       0
       0
       0
       1
       0
       1
       0
       0
       0
       1
       0
       0
       0
       0
       0
       0
       0
       0
       0
       0
       0
       0
       0
       0
       0
       0
       0
       0
       0
       0
       0
       0
       0
       0
       0
       0
       0
       0
       0
       0
       0
       0
       0
       0
       0
       0
       0
       0
       0
       0
       0
       0
       0
       0
       0
       0
       0
       0
       0
       0
       0
       0
       0
       0
       0
       0
       0
       0
       0
#$ROI:
#0
#$PRESETS:
#None
#0
#0
#$ENER_FIT:
#-2.326062 0.088583
#$MCA_CAL:
#3
#-2.326062E+000 8.858320E-002 -1.636990E-004 micr
#$SHAPE_CAL:
#3
#0.000000E+000 0.000000E+000 0.000000E+000
