#Temp	tauC	std
377	3.55692932553e-05	2.31572964432e-12
368	3.66463832185e-05	2.61548715883e-12
285	3.22592906751e-05	2.50456164085e-12
322	3.4261639052e-05	2.0344784739e-12
312	3.4712480437e-05	2.86532142424e-12
386	3.67437082393e-05	3.42184647927e-12
349	3.61283169529e-05	2.34032926849e-12
294	3.3163181493e-05	1.50518627308e-12
303	3.27374867449e-05	1.72782747374e-12
358	3.62344506119e-05	3.50253990425e-12
386	3.86477575368e-05	3.84047341195e-12
340	3.4099553667e-05	2.82209430327e-12
331	3.54983090476e-05	1.81690636442e-12
