# Temperatur 	 T1 	 std
322	0.139034317967	4.9046439392e-06
386	0.165336918344	1.11613203908e-05
331	0.149468307347	6.62877617105e-06
276	0.213563567515	3.95027735274e-06
340	0.137497286727	5.72503949765e-06
349	0.147110911722	7.04792631629e-06
312	0.156852187781	7.9656145408e-06
294	0.17765141518	8.30920023434e-06
368	0.150156566215	9.51383926491e-06
285	0.175766902115	7.43172841314e-06
386	0.155393670862	7.84577092328e-06
303	0.152141467379	5.00545594631e-06
358	0.141009581914	4.95710891531e-06
377	0.15105534208	1.09330628781e-05
