r1	theta	sexp	stheo	miller	a
32.0	0.28	1.0	1	100	2.8
44.0	0.38	1.85	2	110	2.92
53.0	0.46	2.62	3	111	3.0
65.0	0.57	3.8	4	200	2.87
81.0	0.71	5.55	5	210	2.66



r2	theta	sexp	stheo	miller	a
31.0	0.27	1.0	4	200	5.78
38.0	0.33	1.48	6	211	5.81
44.0	0.38	1.97	8	220	5.83
51.0	0.44	2.6	10	310	5.67
65.0	0.57	4.04	16	400	5.75
69.0	0.6	4.49	18	330	5.78
74.0	0.64	5.07	20	420	5.74
102.33	0.89	8.5	34	530	5.78
106.33	0.93	8.98	36	600	5.79
115.33	1.0	10.01	40	620	5.78
119.33	1.04	10.44	42	541	5.79
124.33	1.08	10.97	44	622	5.79
134.33	1.17	11.91	48	444	5.8
146.33	1.27	12.86	51	551	5.76
