#$SPEC_ID:
#No sample description was entered.
#$SPEC_REM:
#DET# 1
#DETDESC# MYON MCB 337
#AP# Maestro Version 6.06
#$DATE_MEA:
#12/18/2015 14:36:02
#$MEAS_TIM:
#1449146 1449153
#$DATA:
#0 511
       0
       0
     356
    3332
    3629
    3423
    3404
    3315
    3113
    3140
    3007
    3016
    3148
    4536
    3986
    3251
    2827
    2620
    2594
    2586
    2573
    2401
    2364
    2390
    2307
    2130
    2148
    2124
    2090
    2008
    1917
    1971
    1780
    1851
    1844
    1818
    1782
    1755
    1689
    1575
    1607
    1615
    1602
    1551
    1496
    1455
    1357
    1398
    1430
    1345
    1333
    1262
    1246
    1220
    1159
    1190
    1160
    1141
    1105
    1107
    1084
    1060
    1004
    1029
     989
    1039
     957
     947
     874
     815
     840
     848
     788
     759
     758
     764
     732
     682
     739
     705
     718
     649
     740
     674
     669
     647
     587
     631
     586
     587
     581
     545
     554
     549
     499
     529
     492
     481
     511
     462
     461
     497
     426
     425
     474
     434
     384
     394
     402
     361
     394
     378
     318
     348
     348
     342
     346
     345
     325
     333
     297
     304
     326
     295
     322
     288
     294
     291
     275
     264
     255
     245
     239
     241
     238
     243
     241
     251
     191
     211
     183
     214
     244
     234
     203
     203
     217
     210
     192
     211
     170
     165
     175
     159
     170
     140
     177
     155
     150
     126
     148
     165
     172
     139
     130
     158
     147
     146
     133
     107
     131
     144
     116
     130
     114
     128
     121
     127
     127
     118
     105
     106
      95
      95
     105
      89
      95
     122
     101
      86
      94
      92
      90
      91
      95
      91
      91
      83
      72
      87
      80
      83
      74
      74
      75
      82
      76
      65
      81
      76
      61
      71
      65
      69
      60
      65
      64
      59
      50
      64
      72
      63
      64
      66
      55
      60
      64
      63
      55
      41
      60
      43
      64
      51
      61
      57
      59
      48
      58
      62
      58
      59
      52
      52
      59
      48
      48
      37
      51
      47
      43
      41
      48
      41
      54
      44
      39
      43
      53
      54
      47
      42
      38
      34
      55
      42
      49
      46
      46
      45
      40
      46
      48
      43
      54
      36
      46
      44
      44
      43
      55
      38
      43
      30
      29
      43
      37
      35
      48
      43
      46
      44
      32
      36
      28
      40
      39
      39
      22
      47
      49
      26
      49
      33
      36
      44
      43
      36
      34
      24
      33
      31
      37
      41
      41
      39
      54
      33
      32
      32
      36
      37
      33
      33
      32
      42
      38
      32
      30
      33
      31
      40
      28
      24
      39
      31
      30
      30
      37
      20
      38
      31
      35
      34
      30
      44
      25
      23
      37
      32
      26
      26
      30
      33
      27
      33
      28
      37
      35
      33
      35
      37
      39
      42
      29
      28
      20
      33
      26
      34
      34
      27
      33
      31
      34
      31
      31
      21
      42
      34
      33
      29
      41
      36
      24
      30
      25
      45
      30
      27
      35
      39
      29
      21
      30
      24
      31
      39
      31
      24
      44
      24
      32
      23
      29
      31
      26
      39
      37
      31
      30
      32
      31
      30
      30
      29
      24
      37
      32
      28
      18
      27
      30
      36
      36
      39
      19
      31
      29
      21
      27
      24
      21
      25
      37
      34
      30
      35
      26
      23
      27
      36
      24
      33
      34
      22
      24
      26
      35
      24
      36
      45
      32
      27
      25
      29
      23
      27
      28
      41
      25
      28
      31
      32
      27
      40
      36
      35
      30
      30
      22
      24
      33
      27
      33
      34
      30
      21
      25
      23
      15
      12
       3
       0
       0
       0
       0
       0
       0
       0
       0
       0
       0
       0
       0
       0
       0
       0
       0
       0
       0
       0
       0
       0
       0
       0
       0
       0
       0
       0
       0
       0
#$ROI:
#0
#$PRESETS:
#None
#0
#0
#$ENER_FIT:
#-2.326062 0.088583
#$MCA_CAL:
#3
#-2.326062E+000 8.858320E-002 -1.636990E-004 micr
#$SHAPE_CAL:
#3
#0.000000E+000 0.000000E+000 0.000000E+000
